# Cooja Mobility .dat file - industrial AGV (ManhattanGrid-style)
# Format: MoteIndex Time(s) X Y
# Generated by gen_agv_manhattan.py - grid-constrained, 0.5-2 m/s,
# frequent stop-and-go at stations (pick/drop dwell points).
3 0.000 -25.000 -30.000
3 17.000 -25.000 -27.000
3 19.000 -25.000 -24.000
3 21.000 -25.000 -21.000
3 23.000 -25.000 -18.000
3 25.000 -25.000 -15.000
3 27.000 -25.000 -12.000
3 29.000 -25.000 -9.000
3 31.000 -25.000 -6.000
3 33.000 -25.000 -3.000
3 35.000 -25.000 0.000
3 47.000 -21.000 0.000
3 49.000 -17.000 0.000
3 51.000 -13.000 0.000
3 53.000 -9.000 0.000
3 55.000 -5.000 0.000
3 57.000 -1.000 0.000
3 59.000 3.000 0.000
3 61.000 7.000 0.000
3 63.000 11.000 0.000
3 65.000 15.000 0.000
3 67.000 19.000 0.000
3 69.000 23.000 0.000
3 82.000 25.000 2.000
3 84.000 25.000 4.000
3 86.000 25.000 6.000
3 88.000 25.000 8.000
3 90.000 25.000 10.000
3 92.000 25.000 12.000
3 94.000 25.000 14.000
3 96.000 25.000 16.000
3 98.000 25.000 18.000
3 100.000 25.000 20.000
3 102.000 25.000 22.000
3 104.000 25.000 24.000
3 106.000 25.000 26.000
3 108.000 25.000 28.000
3 110.000 25.000 30.000
3 127.000 25.000 27.000
3 129.000 25.000 24.000
3 131.000 25.000 21.000
3 133.000 25.000 18.000
3 135.000 25.000 15.000
3 137.000 25.000 12.000
3 139.000 25.000 9.000
3 141.000 25.000 6.000
3 143.000 25.000 3.000
3 145.000 25.000 0.000
3 157.000 21.400 0.000
3 159.000 17.800 0.000
3 161.000 14.200 0.000
3 163.000 10.600 0.000
3 165.000 7.000 0.000
3 167.000 3.400 0.000
3 169.000 -0.200 0.000
3 171.000 -3.800 0.000
3 173.000 -7.400 0.000
3 175.000 -11.000 0.000
3 177.000 -14.600 0.000
3 179.000 -18.200 0.000
3 181.000 -21.800 0.000
3 194.778 -25.000 -1.600
3 196.778 -25.000 -3.200
3 198.778 -25.000 -4.800
3 200.778 -25.000 -6.400
3 202.778 -25.000 -8.000
3 204.778 -25.000 -9.600
3 206.778 -25.000 -11.200
3 208.778 -25.000 -12.800
3 210.778 -25.000 -14.400
3 212.778 -25.000 -16.000
3 214.778 -25.000 -17.600
3 216.778 -25.000 -19.200
3 218.778 -25.000 -20.800
3 220.778 -25.000 -22.400
3 222.778 -25.000 -24.000
3 224.778 -25.000 -25.600
3 226.778 -25.000 -27.200
3 228.778 -25.000 -28.800
