# Cooja Mobility .dat file
# Generated from BonnMotion scenario
# Format: MoteIndex Time(s) X Y
# Nodes: 4
#
0 0.000 0.00 0.00
1 0.000 20.00 20.00
2 0.000 -20.00 20.00
3 0.000 40.00 40.00
3 5.000 35.00 40.00
3 10.000 30.00 40.00
3 15.000 25.00 40.00
3 20.000 20.00 40.00
3 25.000 15.00 40.00
3 30.000 10.00 40.00
3 35.000 5.00 40.00
3 40.000 0.00 40.00
3 45.000 -5.00 40.00
3 50.000 -10.00 40.00
3 55.000 -15.00 40.00
3 60.000 -20.00 40.00
3 65.000 -25.00 40.00
3 70.000 -30.00 40.00
3 75.000 -35.00 40.00
3 80.000 -40.00 40.00